-0.242311
0.076645
-0.158948
-0.418392
-0.024593
0.475366
-0.117670
0.540875
0.551544
0.003903
-0.060080
0.351143
-0.133510
-0.422917
-0.483589
-0.033047
-0.475684
0.779033
-0.931483
0.748864
0.093541
-0.186260
0.438703
-0.705377
0.793595
0.580401
0.422483
-1.765826
0.306152
1.532855
0.323034
-0.747057
0.039255
0.127714
-0.167242
-0.162338
0.285939
0.343803
1.043432
-0.721404
0.179306
1.718239
0.483577
-0.181562
-0.371703
-1.310468
0.447096
-0.432209
0.230194
-0.775640
-0.101594
0.607830
0.026116
-0.117752
0.207680
-0.668287
-0.461881
0.084099
0.992538
-0.222174
-0.051468
-0.774574
-0.724024
-0.718344
0.425255
1.343955
0.163164
0.007995
0.646464
0.319468
0.528487
-0.021847
0.609026
0.257512
-0.219721
0.189448
0.360131
-0.022525
0.853124
-0.681877
-0.291151
0.427709
-0.902240
0.278732
-0.211392
-0.328289
0.069881
0.023312
-0.510067
-1.008077
0.202381
1.231493
-1.334692
-0.971280
0.122271
-0.324724
0.035964
-0.157137
0.007992
-0.277524
